0.0948656
0.0942619
0.0924813
0.0893358
0.0853602
0.0795797
0.0732229
0.0648085
0.056711
0.0428464
0.0330858
0.0242428
0.014541
0.00619689
0.00475672
0.0127776
0.0156032
0.018139
0.0187117
0.0189542
0.0195659
0.0203806
0.0207961
0.021285
0.0211887
0.0210377
0.0214197
0.0218387
0.0217959
0.0219458
0.022155
0.02169
0.0221657
0.0220407
0.0218154
0.0224102
0.0219176
0.0223475
0.0220634
0.0223425
0.0219883
0.0222861
0.0221841
0.0223531
0.0222928
0.0222983
0.0223264
0.0222623
0.02253
0.022396
0.0225266
0.0224641
0.0221859
0.0220137
0.0224408
0.0222309
0.0222447
0.0222264
0.0225148
0.0223399
0.0222733
0.0223414
0.0223854
0.0224548
0.0223525
0.0224482
0.0224383
0.0223487
0.0221894
0.0223608
0.0222285
0.0222471
0.0225582
0.0222749
0.0223223
0.0223443
0.0222523
0.022169
0.0223439
0.0222055
0.0223965
0.0223814
0.0222277
0.0225315
0.0222145
0.0221484
0.0224417
0.0223503
0.0225727
0.0223846
0.0225252
0.0224495
0.0223224
0.022059
0.0224719
0.0221966
0.0224413
0.0221457
0.0226209
0.022285
