0.999971
0.99361
0.974876
0.941885
0.900401
0.840627
0.775518
0.690807
0.612272
0.483349
0.400458
0.329327
0.267682
0.232984
0.21941
0.186553
0.154632
0.133737
0.121202
0.118486
0.109688
0.0894274
0.0833775
0.0646855
0.068109
0.0744075
0.0594981
0.0536077
0.0509589
0.0441582
0.0326531
0.0436463
0.0267608
0.0396563
0.038538
0.018454
0.0274039
0.0306516
0.0403793
0.0153992
0.0258258
0.0222599
0.0200612
0.0273767
0.0198187
0.0138386
0.0319528
0.0107954
0.0126375
0.0105283
0.0129367
0.0149978
0.00125296
0.0370265
0.00677848
0.021226
0.0025849
0.015528
-0.00158476
0.0143838
0.0111036
0.0150363
0.0114215
0.0229173
-0.000304304
0.00436136
0.0219167
0.0122361
0.00805389
0.00471233
0.00788471
0.0256296
0.00818419
0.0177017
0.00411579
0.00180422
0.0114589
0.00779364
-0.00536078
0.00372338
0.00618771
0.00109443
0.0215103
-0.00331043
0.0118647
0.00384725
-0.000818599
-7.94935e-005
0.00742397
0.012679
0.00126598
0.000543172
0.0137983
0.00511078
-0.00935149
0.0190746
-0.00463019
-0.00333627
0.0159841
-0.00294868
